328
-20.000000 50.000000  0.000000
-20.000000 50.000000 50.000000
-75.000000 50.000000  0.000000
-75.000000 50.000000 50.000000
 20.000000 50.000000  0.000000
 20.000000 50.000000 50.000000
 75.000000 50.000000 50.000000
 75.000000 50.000000  0.000000
-20.000000 20.000000 50.000000
 20.000000 20.000000 50.000000
-75.000000 -50.000000 50.000000
 75.000000 -50.000000 50.000000
-20.000000 20.000000  0.000000
 20.000000 20.000000  0.000000
 75.000000 -50.000000  0.000000
-75.000000 -50.000000  0.000000
-20.000000 50.000000 11.950000
-20.000000 50.000000 26.650000
-20.000000 50.000000 39.250000
-31.110000 50.000000  0.000000
-43.540000 50.000000  0.000000
-57.785000 50.000000  0.000000
-75.000000 50.000000 33.750000
-75.000000 50.000000 16.800000
-31.385000 50.000000 50.000000
-44.035000 50.000000 50.000000
-58.115000 50.000000 50.000000
 20.000000 50.000000 10.850000
 20.000000 50.000000 22.900000
 20.000000 50.000000 36.850000
 58.115000 50.000000 50.000000
 44.035000 50.000000 50.000000
 31.330000 50.000000 50.000000
 75.000000 50.000000 33.000000
 75.000000 50.000000 16.200000
 58.115000 50.000000  0.000000
 44.035000 50.000000  0.000000
 31.330000 50.000000  0.000000
-10.680000 20.000000 50.000000
 -0.480000 20.000000 50.000000
 10.440000 20.000000 50.000000
-20.000000 39.140000 50.000000
-20.000000 29.600000 50.000000
-75.000000 32.100000 50.000000
-75.000000 13.000000 50.000000
-75.000000 -6.500000 50.000000
-75.000000 -30.600000 50.000000
-56.850000 -50.000000 50.000000
-36.750000 -50.000000 50.000000
-13.650000 -50.000000 50.000000
 10.500000 -50.000000 50.000000
 34.350000 -50.000000 50.000000
 56.700000 -50.000000 50.000000
 75.000000 -30.700000 50.000000
 75.000000 -7.900000 50.000000
 75.000000 11.700000 50.000000
 75.000000 30.600000 50.000000
 20.000000 29.600000 50.000000
 20.000000 40.040000 50.000000
-20.000000 29.240000  0.000000
-20.000000 39.320000  0.000000
  5.400000 20.000000  0.000000
 -8.040000 20.000000  0.000000
 20.000000 39.380000  0.000000
 20.000000 30.110000  0.000000
 75.000000 -31.400000  0.000000
 75.000000 -10.300000  0.000000
 75.000000 12.500000  0.000000
 75.000000 33.100000  0.000000
-54.300000 -50.000000  0.000000
-30.900000 -50.000000  0.000000
 -7.500000 -50.000000  0.000000
 17.100000 -50.000000  0.000000
 38.250000 -50.000000  0.000000
 57.600000 -50.000000  0.000000
-75.000000 30.900000  0.000000
-75.000000 13.700000  0.000000
-75.000000 -5.900000  0.000000
-75.000000 -27.600000  0.000000
-75.000000 -50.000000 34.300000
-75.000000 -50.000000 17.950000
 75.000000 -50.000000 33.300000
 75.000000 -50.000000 16.650000
 20.000000 20.000000 12.850000
 20.000000 20.000000 26.000000
 20.000000 20.000000 39.750000
-20.000000 20.000000 11.450000
-20.000000 20.000000 25.400000
-20.000000 20.000000 39.500000
-31.018549 50.000000 17.041168
-34.900735 50.000000 33.157374
-39.670427 50.000000  9.680035
-50.426468 50.000000 10.954883
-62.967193 50.000000 11.029342
-55.733144 50.000000 27.712799
-42.438928 50.000000 19.867150
 34.625210 50.000000 15.114605
 30.791928 50.000000 30.579017
 28.161570 50.000000 41.298784
 52.381549 50.000000 38.090280
 38.532344 50.000000 39.656946
 51.929292 50.000000 13.422660
 59.413957 50.000000 25.512446
 44.543783 50.000000 27.047578
-16.796146 10.626284 50.000000
 -5.295162 10.597438 50.000000
  5.446747 11.082973 50.000000
 16.370165 10.776279 50.000000
-29.296103 35.046658 50.000000
-28.605464 24.681465 50.000000
-39.876927 39.047865 50.000000
-50.327864 40.894161 50.000000
-61.317520 36.772610 50.000000
-61.334458 21.421484 50.000000
-60.097508  4.588133 50.000000
-47.287208 -32.190601 50.000000
-25.600560 -32.711509 50.000000
 -3.107565 -31.974160 50.000000
 20.206449 -32.118880 50.000000
 40.528789 -33.120196 50.000000
 60.167508 -15.539098 50.000000
 60.751433  0.996375 50.000000
 60.222489 17.710687 50.000000
 59.197176 34.240856 50.000000
 42.572374 37.512693 50.000000
 31.220198 25.838123 50.000000
 29.159707 36.470617 50.000000
 30.735991 12.060125 50.000000
-27.913355 14.209904 50.000000
 56.086056 -30.147580 50.000000
-56.129124 -13.521222 50.000000
-36.139722 -15.861438 50.000000
  1.050327  2.480859 50.000000
 10.548579  2.537923 50.000000
-36.721767 29.458989 50.000000
-47.925071 28.644463 50.000000
-48.278392 13.813190 50.000000
 45.149455 22.354993 50.000000
 31.824985 -15.477211 50.000000
  6.458331 -11.321183 50.000000
 47.326100 -7.125822 50.000000
-27.134597  0.231445 50.000000
-10.253856 -1.002902 50.000000
-37.798296 19.853742 50.000000
 22.160402 -0.710278 50.000000
 46.701653  7.567105 50.000000
-44.390765 -0.579219 50.000000
-37.252301  9.390571 50.000000
-16.271099 -15.884039 50.000000
 47.172106 -20.345458 50.000000
 35.735173 -0.709328 50.000000
-28.111813 25.915849  0.000000
-29.226246 35.381547  0.000000
 11.797034  7.514484  0.000000
 -2.000788  8.996385  0.000000
-13.917205 10.050640  0.000000
 30.276400 34.749557  0.000000
 30.190716 22.552663  0.000000
 52.012728 37.209723  0.000000
 52.524519 -24.505571  0.000000
 56.541934  1.034697  0.000000
 56.738527 20.732047  0.000000
-44.971012 -26.491062  0.000000
-20.357963 -29.328252  0.000000
  3.543980 -25.304231  0.000000
 27.979956 -27.195084  0.000000
-62.048011 20.986027  0.000000
-60.782808  4.423052  0.000000
-60.238045 -12.151384  0.000000
-38.411410 40.575724  0.000000
-48.840206 38.879276  0.000000
 26.777912  8.360455  0.000000
 39.881576 39.883630  0.000000
-61.597819 36.090555  0.000000
-23.944676 10.268065  0.000000
-31.984730 16.945065  0.000000
  1.852613 -4.559337  0.000000
 -9.380102  0.530836  0.000000
 37.463506 -6.036570  0.000000
-29.614456 -11.263336  0.000000
 18.539316 -7.742304  0.000000
-46.434026 14.098438  0.000000
 41.699086 28.019013  0.000000
-39.133393 28.580134  0.000000
-20.517044  0.244830  0.000000
-45.895942 -4.347778  0.000000
-12.539038 -11.739310  0.000000
 41.602090 12.580293  0.000000
-51.657876 27.686865  0.000000
-33.175031  4.152102  0.000000
-75.000000 17.041264 19.203756
-75.000000 -0.877103 16.803935
-75.000000 -19.901129 14.762701
-75.000000 -36.074128 12.023170
-75.000000 -33.567578 26.936180
-75.000000 20.173508 35.782327
-75.000000  4.601866 33.965700
-75.000000 -14.337769 31.988052
-75.000000 33.899654 26.044399
-42.394645 -50.000000 16.812015
-24.566124 -50.000000 25.652817
  0.935502 -50.000000 24.711162
 24.783174 -50.000000 23.197238
 47.263498 -50.000000 18.152291
 57.555676 -50.000000 32.102482
-43.846699 -50.000000 33.580785
-58.561339 -50.000000 25.500947
 75.000000 -17.364323 15.436916
 75.000000  2.094812 19.125470
 75.000000 24.379170 16.025230
 75.000000 34.156902 29.506036
 75.000000 -14.258048 32.637911
 75.000000  1.824936 37.008428
 75.000000 17.592084 33.406994
 75.000000 -32.613390 24.783080
  9.537093 20.000000 21.138835
  6.967232 20.000000 34.562246
  2.371539 20.000000 10.929673
 -9.544572 20.000000 10.786142
-11.901511 20.000000 20.610566
 -8.198304 20.000000 34.132303
 -1.707138 20.000000 21.805605
-20.000000 34.649301 15.575131
-20.000000 34.791334 35.503866
 20.000000 35.304282 19.151158
 20.000000 36.216966 30.825221
 20.000000 38.593147 41.812172
 20.000000 34.963756  8.606882
-37.749792 -13.968124 31.646492
 37.028244 -18.247133 30.890286
  3.120468 -16.221493 23.848854
 60.144806 14.183612 19.206340
 52.570056 32.042956 33.159400
-52.139651 32.349726 33.872531
-41.583282 23.622462 11.627607
-37.860646  7.501690 18.148066
-36.312430 26.848239 36.707038
-24.364054  6.586485 37.262633
 14.028196 -6.149033 19.303157
 29.425446  2.852433 14.897538
 -4.494163 -10.234477 14.581652
 -7.618090 -30.542732 21.656265
 -7.295858 -13.890275 33.609095
 11.514542 -24.163491 14.087814
 11.507472 -23.262026 32.931252
 12.012555  9.185156 17.938299
-20.050798  4.868366 10.562970
-59.844071 11.135138 24.474225
-60.367688 -7.127218 17.056482
-58.934528 -28.383021 15.475589
-51.804546 -3.659623 33.594675
-42.098568 -11.919999 13.947824
-39.120348  8.321608 34.355907
 -4.291217  6.558855 17.437607
 -8.400354  3.512126 36.361733
 11.930514  9.743307 35.922593
-27.740917 -13.317254 20.696672
-27.952949 -31.601999 14.117244
-38.724478 -31.971395 28.145708
-20.974682 -24.443043 32.759028
-24.186867 -8.081747 36.671075
 44.529679 23.731573 24.118886
 47.691812  4.267027 20.758157
 41.314768 -10.185574 20.992744
 39.693483 -29.117202 15.868200
 26.581890 -19.285882 17.101604
 51.740004 -24.542541 33.890204
 40.940187 -7.083495 36.803639
 25.484168 -10.669412 27.911819
 41.869609  6.508827 39.505588
 53.439361 13.769288 35.724736
 38.696310 23.586578 37.308226
 22.998823  8.060946 27.623847
 56.729162 -4.845762 35.520255
 31.504089 -30.795868 34.333617
-56.231967 -27.114301 34.969983
 59.198621 -8.968088 16.641736
  0.165051 11.178445 40.689746
 60.136496 -29.902648 16.833957
-12.703611 11.820055 41.366482
-48.470845 15.236484 39.504460
-31.937369 15.996992 40.447466
-35.231279 -2.192613 39.685980
-15.259132  9.850984 28.258689
-18.018458 12.110445 17.830627
 -8.249491 12.208552 18.845112
-30.881809 14.507702 22.361586
-23.920557  2.206380 21.077321
 29.779390 32.870512 38.959992
 30.355669 12.866685 36.121802
 30.441735 22.835694 24.655921
 37.153026  9.801783 27.360226
 16.458793 -3.903057 36.682802
 30.251503  0.706684 35.707258
 24.951210 -12.809419 39.928736
  2.975489 -3.293537 33.159268
 21.226222  6.810047 40.914393
 38.616718 41.457862 38.977731
-16.468547 12.544538  8.829413
  0.047339 11.573893 14.282823
  1.472402  1.073175 13.946124
 -0.115040  9.192218 26.103398
-51.460497 17.225712 11.461484
-37.449756 12.459946  9.897456
-46.304012  3.046199 13.197432
-44.551793 11.935944 23.659209
-30.113516 26.181446 11.273610
-63.343464 24.706664 14.391775
-51.869004 35.830544 15.830551
-46.873657 24.092395 23.673194
-38.661835 37.666906 10.675292
-34.662709 34.050814 23.387796
-32.040145  4.134807 12.656796
-35.497878 -0.774789 24.888984
 -9.499561  5.636095 10.446979
 -9.626792  1.548932 21.548691
-26.438045 12.703823 11.880581
-15.880375 -4.716845 12.744054
-26.419891 -4.142598  9.597928
-16.761643 -18.187702 13.564478
-16.546263 -6.081770 26.286420
 28.340270 40.915958 10.767727
 34.037566 37.147138 24.316234
 59.964657 33.957815 15.771992
 36.494793 32.360493 11.531125
 45.962319 36.602347 12.745975
 39.867768 19.541958 11.937421
 27.450905 29.125700 11.507615
1143
   1         39       40      221      278
   1        141      270      146      151
   1        122      274      146      141
   1        141      270      274      146
   1         80      276       48       47
   1        208      160       67      277
   1         80      276      207       48
   1        259      257      229      252
   1        318      319      185      247
   1         80      276      195      207
   1        208      160       66       67
   1        117      149      132      260
   1         54      205      130       53
   1        262      291      327      325
   1        208      160      279       66
   1         80      276       47      195
   1        304      190      175      176
   1        127      125      298      289
   1        208      160      277      279
   1        319      314      252      313
   1         35       36       69        8
   1        323      272      291      289
   1        237      282      110       89
   1        168       77      191      192
   1        258       72      164       71
   1        279      208       66      215
   1        169      250       79      193
   1        262      291      325      323
   1        258       72      242      164
   1        196      281      114      234
   1        281      237      306      253
   1        160      204       74      265
   1        141      270      268      274
   1        258       72      201      242
   1        328       84      228      225
   1        273       84      246      240
   1        196      281      115      114
   1        251      115      197      248
   1        196      281      248      115
   1        258       72       71      201
   1        233      271      214      232
   1        284      221       89       88
   1         84      154       14       62
   1        282      110      129      144
   1        295      294      269      268
   1        259      117      132      260
   1        162      327      232      188
   1        196      281      234      248
   1        238      282       88       89
   1        245      239      269      293
   1        206      201      259      200
   1        305      303      306      248
   1         33      127       99       59
   1        224      223      312       88
   1        202      201      242       50
   1        143      105      142      238
   1        116      206      259      276
   1        272      233      262      271
   1         24      199       23       95
   1        209      212      208      277
   1        315      185      156      247
   1         87      175      317      299
   1        246      273      240      239
   1        328       84      225      291
   1        315      185      178      156
   1        220      286      285      284
   1        238      282      253      287
   1        315      185      318      178
   1         84       85      225      291
   1        212      121      274       55
   1         83       82      205      215
   1         21       20      170       92
   1        196      308      191      248
   1        315      185      247      318
   1        320      180      257      258
   1        204      203       74      265
   1        251      314      283      253
   1        196      308      199      191
   1        141      270      151      268
   1         21       92      170      171
   1        283      229      261      314
   1        248      197      192      191
   1        124      211       57       34
   1        196      308      234      199
   1        317      288      313      287
   1        283      229      132      261
   1        283      229      251      132
   1        196      308      248      234
   1        199      309      308      234
   1        240      294      264      269
   1         95       94      309       93
   1        273       84       85      246
   1         59      127       99      227
   1        323      298      272      289
   1        283      229      314      251
   1        223      307      311      312
   1         29      323      226       98
   1        316      286      284      285
   1        241      318      178      315
   1         99       30      226       98
   1        119      120      139      275
   1        280      221      284      255
   1        296      140      133      134
   1        273       84      291       85
   1         30       29      226       98
   1        250      169       79      163
   1        307      153      184      152
   1        307      153      311      184
   1        301      246      239      296
   1        262      233      232      271
   1        307      153      223      311
   1        106      280      105      143
   1        274      270      263      271
   1        274      270      268      263
   1        273       84      240      291
   1        302      246      300      301
   1        234      199       95      113
   1        148      281      147      253
   1        300      302      222      216
   1        245      244      239      231
   1        277      267      212      279
   1        303      235      310      309
   1         33      127      298       99
   1        209      208       67      277
   1         91      237      224      312
   1        277      267      274      212
   1        280      105      238       89
   1        312       96       90       91
   1        277      267      264      274
   1        303      235      306      310
   1         40      278      106      107
   1        277      267      279      264
   1         32      298       33      125
   1         86      256      108      297
   1        245      243      296      140
   1        280      284      238      255
   1        229      261      260      132
   1        123      213       56      214
   1        241      243      320      321
   1         28      322       64      228
   1        274      150      268      141
   1        134      278      133      296
   1        134      278      107      133
   1        319      190      313      252
   1        297       86      273      290
   1         87      175      176      317
   1        209      210      214      232
   1        123      213      122       56
   1        326      324      262      233
   1        205      267      215       54
   1        127      289       99      227
   1        153      223      311       90
   1         39      280       89      105
   1        289      126       86       58
   1        233      324      262      232
   1        275      120      139      267
   1        314      229      257      252
   1        169      168      186      249
   1        304      305      190      182
   1        142      147      132      283
   1        305      304      303      182
   1        196      197      248      191
   1        305      168      186      182
   1        304      317      307      176
   1        168      305      303      182
   1        161      277      263      232
   1        274      270      271      146
   1        259      229      260      132
   1        134      278      256      107
   1        134      278      296      256
   1         83       75       15       66
   1        198      276      195       47
   1        276      251      131      198
   1        126      272      128      138
   1        304      236      306      287
   1        165      202       73       72
   1        287      310      312      237
   1        291       86      289      272
   1        106      278      255      133
   1         86      108       10      128
   1        309       93      174      171
   1         84      328      158      327
   1        287      310      235      312
   1        323      326      325      262
   1        314      238      253      287
   1        270      151      128      146
   1        305      168      303      248
   1        287      310      306      235
   1        287      310      237      306
   1        121      212      274      267
   1         32      298      101       33
   1         32      298      100      101
   1         32      298      125      100
   1        123      213      271      122
   1         87      175       13      176
   1        120      205       52       53
   1        123      213      214      271
   1        315      219      156      155
   1        288      238      284      321
   1        326       37       97      173
   1        326       37      102       97
   1        161      209       67      277
   1        315      219      299      156
   1        234       96       95      309
   1        281      115      137      147
   1        280      106      255      143
   1        326       37      159      102
   1        167      168      308      303
   1        157      325      322      173
   1        323      325       97      322
   1        109       19       25       91
   1        156      299      175       13
   1        109       19       42       25
   1        323      326       97      325
   1        109       19      224       42
   1        202      165      242       72
   1        246      302      300      216
   1        109       19       91      224
   1        115      197      196       45
   1         87      175      299       13
   1        328      158      325      157
   1        237      282       89       88
   1        319      247      288      313
   1        273      294      240      269
   1        326       37      173      159
   1        234      111       91      237
   1        247      317      288      313
   1        122       56      213       55
   1        297      256      108      134
   1        288      238      321      261
   1        237      287      306      253
   1        256      297      293      134
   1        187      319      318      320
   1        234      111      112       91
   1        267      212      215       54
   1        117      201       50      260
   1        251      249      198      276
   1        318      319      247      288
   1        187      319      185      318
   1        187      319      180      185
   1        200      163       70       71
   1        198      251      131       46
   1        118      202       50       51
   1        227       30      226       99
   1        281      251      147      253
   1        312       96      311       90
   1        268      150      139      141
   1        234      111      136      112
   1        249      168      248      192
   1        187      319      320      180
   1         22       94      174        3
   1        281      251      115      147
   1        121      212      267       54
   1        245      243      242      231
   1        151      268      139      141
   1        281      251      248      115
   1        328      322      225      228
   1         19       18       91      224
   1        234      111      237      136
   1         27      113       95       23
   1        235      304      306      287
   1        151      295      139      268
   1        208      212      279      277
   1        315      219      286      299
   1        189      184      311      171
   1        222      300      218      219
   1        314      236      313      287
   1        261      260      149      243
   1        117      201       49       50
   1        268      150      267      139
   1        261      260      132      149
   1        292      273      291      290
   1        304      305      313      190
   1        327       84      291      240
   1        267      205      130       54
   1         84      154      172       14
   1        114      234      136      113
   1        126       58       10       86
   1         40      278      217      221
   1        121      267      130       54
   1         18      224      223      312
   1        261      149      142      143
   1        268      292      264      263
   1        205      120      130       53
   1        287      285       88       87
   1        247      319      185      175
   1        311       93       96      309
   1        115      251      197       46
   1        323      298       98      104
   1        241      244      239      177
   1        166      244      181      266
   1        305      314      252      251
   1        327      172      158       84
   1        241      301      316      315
   1        203      166       73       74
   1        327      172      188      158
   1        244      245      242      231
   1        161      162      232      188
   1        167      189      182      303
   1        242      320      260      258
   1        311       93       92       96
   1        125      124      233      138
   1        311       93      171       92
   1        301      246      154      239
   1         60      152       87       13
   1        232      327      263      188
   1        211      124      100       34
   1        125      127      298       33
   1        110      224      109      237
   1        240      266      264      179
   1        318      187      178      185
   1        124      123      233      138
   1        153       17      223       90
   1        118      202      242       50
   1        311       93      309      171
   1        241      301      315      178
   1        243      321      316      255
   1         94       22      174       93
   1        121      122      274       55
   1        235      304      287      307
   1         22       21      171       93
   1        287      288      284      285
   1         78      249      193      192
   1        269      294      264      268
   1        120      150      139      267
   1        110      224       43      109
   1        106      143      133      255
   1        317      287      307       87
   1        223      312      311       90
   1         78      249      169      193
   1        236      304      313      287
   1         78      249      168      169
   1        212      121       55       54
   1        110      224       89       43
   1        250      207      194      195
   1        110      224      237       89
   1        182      189      235      303
   1        246      300      218      216
   1        147      148      283      142
   1        246       84      216      218
   1         38      322       97      173
   1         38      157       64      322
   1         78      249      192      168
   1        152      176      307       87
   1        316      318      315      247
   1         37       38       97      173
   1        244      165      242      202
   1        196      114       45       44
   1        314      238      287      288
   1        221      286      220      284
   1        316      318      241      315
   1        316      318      321      241
   1        270      290      272      128
   1        204      279      160       75
   1         83      279      204       75
   1        200      258      201      259
   1        205      279      215      267
   1        246       84      154      240
   1        163      258      164       71
   1        212      208      279      215
   1        291       86      272      290
   1        270      292      268      263
   1        279       83       66       75
   1        300      222      218      216
   1        163      258      180      164
   1        121      274      141      150
   1        200      258       71      201
   1        246      302      216      256
   1         80       11       47       48
   1        200      258      163       71
   1        281      282      237      253
   1        114      234      113      196
   1        281      234      237      136
   1        200      258      259      163
   1        275      205      120      267
   1        207      259      206      276
   1        104      323       97       98
   1        264      266      269      230
   1        234      199      113      196
   1        302      217      216      256
   1        139      230      267      268
   1        139      230      275      267
   1        241      301      239      296
   1        269      266      264      240
   1        298      101       99       98
   1        139      230      295      275
   1        139      230      268      295
   1        294      295      269      293
   1        308      189      167      303
   1        201      117      259      260
   1        304      317      287      307
   1        319      320      257      318
   1        328       84       65      228
   1        113      112       27       95
   1        128       86      126       10
   1         22       93      171      174
   1        319      314      257      252
   1        292      272      262      271
   1        281      234      310      237
   1         59      127      227       58
   1        314      251      306      253
   1        294      297      128      145
   1        207      259      200      206
   1        207      259      250      200
   1        296      243      316      255
   1        280       39      221      278
   1        203      245      202      244
   1        151      294      128      145
   1        108      297      145      128
   1        245      119      203       51
   1        165      164      242       72
   1        124       34       57        7
   1         28       38       64      322
   1        243      261      143      149
   1        308      189      174      167
   1        243      261      255      143
   1        123      233      271      214
   1        272      126      125      138
   1        207      259      276      250
   1        125      126      272      289
   1        257      314      261      229
   1        308      189      309      174
   1        176      304      235      307
   1        302      300      222      286
   1         79       70       16      194
   1        261      314      257      288
   1        278       41       40      217
   1        308      189      303      309
   1        124      211      100      233
   1        287      235      307      312
   1         76      199      308      191
   1        277      263      179      161
   1        249      305      186      252
   1        278       41      107       40
   1        281      237      144      136
   1        249      251      252      276
   1        275      205       52      120
   1        314      305      252      313
   1         17       18      223       90
   1        278       41      256      107
   1        273      297      293      256
   1        164      242      258      320
   1        179      263      277      264
   1        320      164      187      180
   1         20       61       17        1
   1        221      222      220      286
   1        129       89      238      105
   1        307       88      287      312
   1         76      199       24       94
   1        319      190      175      313
   1        100      233      125      124
   1        116      276      131       47
   1        278       41      217      256
   1        275      205      204       52
   1        276      198      131       47
   1        147      251      131      132
   1        161      160      277       67
   1        275      205      267      204
   1        127      126      125      289
   1        249      197      248      251
   1        249      250      198      276
   1        125      233      100      298
   1        257      318      288      319
   1        311       96       92       90
   1         81      207       80      195
   1        307       88       87      287
   1        288      318      257      321
   1        259       49      117      201
   1        204      275      203      265
   1         82       12       53       54
   1        250      276      252      259
   1        250      249      252      276
   1        271      146      123      122
   1        307       88      223       87
   1        267      121      130      150
   1        316      315      254      286
   1         34      124       31        7
   1        324       35      103      102
   1        279      205      204      267
   1        274      150      267      268
   1        190      305      186      182
   1        117      118      149      260
   1        307       88      312      223
   1        166      160       74      265
   1        267      121      150      274
   1        314      238      261      283
   1        114      115      196       45
   1        147      251      132      283
   1        301      302      296      316
   1        261      238      314      288
   1        239      246      256      296
   1        247      156      175      185
   1        249      197      192      248
   1        325      326       97      173
   1        241      301      296      316
   1        204      275      265      267
   1        316      301      254      315
   1        175      156      247      299
   1         28       38        5       64
   1        238      282      129      148
   1         91      234       95      112
   1        246      302      296      301
   1        248      168      308      191
   1        281      282      148      144
   1         96      234      312      309
   1        243      321      255      261
   1        213      232      209      214
   1        273      292      291      240
   1        324      326      102      104
   1        189      309      174      171
   1        152       13      176       87
   1        148      282      281      253
   1        290      272      292      270
   1        184      182      235      176
   1        244      239      181      266
   1        213      232      274      209
   1        292      272      290      291
   1        213      232      271      274
   1        213      232      214      271
   1        311       20       92      170
   1        326      323       97      104
   1        320      241      318      187
   1        326      325      183      173
   1        157      322      228       64
   1        158      328      325      327
   1        256      246       85      216
   1         33      298      101       99
   1        245      203      266      244
   1        311       20       90       92
   1        159      326      183      173
   1         85      246      256      273
   1        300      286      254      315
   1        204      279      267      265
   1        326      104       97      102
   1        311       20      153       90
   1        267      275      265      230
   1        233      324      103      104
   1        125      124       31      100
   1        311       20      170      153
   1        290       86      272      128
   1        270      138      146      128
   1         41      256       86      217
   1        256       41      108      107
   1         52      275      119      203
   1        237      110      135      109
   1        249      197      198      192
   1         52      275      120      119
   1        125       32      100       31
   1        249      197      251      198
   1        161      209       68       67
   1        281      114      136      137
   1        270      138      271      146
   1        144      281      136      137
   1        304      190      176      182
   1        127      298       99      289
   1        159       36      324      102
   1        159      162      324       69
   1        278      107      133      106
   1        304      303      182      235
   1        270      138      272      271
   1        317      288      285      247
   1        285      288      317      287
   1        250      207      200       70
   1        197      115      196      248
   1        229      276      251      132
   1        282       89      129      110
   1        104      298       98      101
   1        270      138      128      272
   1        311      189      171      309
   1        129       89      282      238
   1        308       94      174      309
   1        233      298      104      100
   1        250       79       70      163
   1        266      265      264      179
   1         70       79      250      194
   1        229      276      252      251
   1        219      222      286      220
   1         86      126      272      128
   1        267      230      265      264
   1        266      166      265      179
   1        287      237      312       88
   1         52      275      203      204
   1        308       94       76      174
   1        158       84      172       14
   1        308       94      199       76
   1        161      188      263      179
   1        282      237      287       88
   1        227      289      226       86
   1         85      217      256      216
   1        286      222      219      300
   1        204      160       74       75
   1        308       94      309      199
   1        268      274      263      264
   1        222      302      286      221
   1        277      274      263      232
   1        110        9       89      129
   1        303      168      308      248
   1         43       42      109      224
   1         83      279      205      204
   1        153       61       60      223
   1        202      201       72      242
   1        240      188      263      327
   1        207       81      194      195
   1        205      279       83      215
   1        281      148      137      144
   1        142      105      129      238
   1        119      245      118       51
   1        278      280      255      221
   1        300      301      154      155
   1        124      214       57      211
   1        124      214      123       57
   1        203      166      244       73
   1        116      276       47       48
   1         91      111       25      109
   1        274      277      263      264
   1        142      261      238      283
   1        184      176      235      307
   1        207      250      276      195
   1        244      166      203      266
   1        240      188      179      263
   1        229      276      259      252
   1        229      276      132      259
   1        124      214      233      123
   1         40       39      106      278
   1        124      214      211      233
   1        310      237      306      281
   1         48      276      206      116
   1        201      242      260      258
   1         59      227       99        6
   1        165      320      241      242
   1        212      209      274      277
   1        165      320      187      241
   1         27      112       26       95
   1        323       29       97       98
   1        259      201      260      258
   1        104      324      103      102
   1        206      276       48      207
   1        240      188      172      179
   1        162      159      326      183
   1        292      327      240      263
   1        146      123      138      271
   1        289       98      226      323
   1        165      244       73      202
   1        243      321      261      260
   1        244      203       73      202
   1        289       98       99      226
   1        326      159      162      324
   1        233      211      100      103
   1        211       34      100      103
   1        175      304      313      190
   1        161      209      277      232
   1        274      271      263      232
   1        327      292      291      262
   1        292      240      264      263
   1        289       98      298       99
   1        313      304      175      317
   1        289       98      323      298
   1        304      303      235      306
   1        239      240      181      266
   1        233      272      138      271
   1        246      301      154      300
   1        241      243      316      296
   1        318      241      178      187
   1        247      319      175      313
   1        239      154      177      181
   1        199       24       94       95
   1        292      294      268      264
   1        166      165      244       73
   1        118      245      242      202
   1        305      304      313      236
   1        320      321      257      318
   1        116      259      132      276
   1        204      279      265      160
   1        140      245      295      293
   1         84      158       65       14
   1        148      281      137      147
   1        109      237      111      135
   1        297      294      293      145
   1        142      261      283      132
   1        105      280      238      143
   1        111      237      109       91
   1        301      302      254      300
   1        165      320      164      187
   1        301      300      254      315
   1        256      273      297       86
   1        183      327      162      188
   1        108       41       86       10
   1        119      245      203      275
   1        322      325       97      173
   1        300      302      254      286
   1        302      316      254      286
   1        158      157      183      325
   1        302      301      254      316
   1        145      293      134      140
   1        269      275      230      266
   1         36       35      324      102
   1        267      268      230      264
   1        179      181      266      166
   1        304      305      306      236
   1        184      189      235      182
   1        207       81       70      194
   1        276      250      198      195
   1        165      320      242      164
   1         79      250      194      193
   1         20      153       17       61
   1        266      181      179      240
   1        183      327      326      162
   1        113      199       95       23
   1        289      227       58       86
   1         47      198      131       46
   1        150      120      130      267
   1        234      248      310      308
   1        300      301      155      315
   1        260      259      257      229
   1        307       60      152       87
   1        240      188      327      172
   1        294      273      240      292
   1         85      291      226      225
   1        241      165      177      187
   1        257      259      260      258
   1        116      276      132      131
   1        205      120      267      130
   1        305      251      249      248
   1        110       43       89        9
   1        306      281      251      248
   1        201      242       50      260
   1        189      184      235      311
   1        311      189      309      235
   1        241      165      244      177
   1        251      281      306      253
   1         39      280      221       89
   1        241      165      242      244
   1        182      304      235      176
   1        168      167      308       77
   1        294      151      270      268
   1        307       60      153      152
   1        293      239      296      245
   1        243      118      140      245
   1        307       60      223      153
   1        307       60       87      223
   1        252      169      186      249
   1        285      220       87      219
   1        223       18      312       90
   1         61      153       17      223
   1        239      246      154      240
   1        245      244      242      202
   1        104      298      101      100
   1        148      282      129      144
   1        323      328      325      322
   1         86      291      273      290
   1        280      284       89      238
   1        162      327      324      232
   1        224      237       89       88
   1        169       79       78      193
   1        198      249      192      193
   1        291      323      289      226
   1        259       49      116      117
   1        238      282      287       88
   1        233      104      103      100
   1        211       35       34      103
   1         85      256      217       86
   1        296      239      293      256
   1        252      169      163      186
   1        243      241      320      242
   1        127      289      227       58
   1        252      169      250      163
   1         95      199      309       94
   1        246      302      256      296
   1        163      250      200       70
   1        289      227      226       99
   1        292      327      291      240
   1        238      288      284      287
   1        243      118      149      140
   1        274      122      146      271
   1        284      238       88       89
   1        302      278      255      221
   1        273      256      239      246
   1        220      221      284       88
   1        239      256      273      293
   1        309      189      303      235
   1        143      296      243      140
   1        243      296      143      255
   1        314      229      252      251
   1        167      168      303      182
   1         76      167      308      174
   1        273       85       86      256
   1        255      238      261      321
   1         29      323       97      322
   1        180      319      257      252
   1        272      323      291      262
   1        252      169      249      250
   1        327      162      324      326
   1        295      145      151      139
   1        186      190      180      252
   1        309      199       95      234
   1        168       77      308      191
   1        151      145      295      294
   1        251      115      131       46
   1        237      110      144      135
   1        235      312      311      307
   1        240      263      179      264
   1        158      328       65      157
   1        181      240      172      179
   1        147      251      283      253
   1        243      118      245      242
   1        299      285       87      219
   1        190      319      185      180
   1        308       76       77      167
   1        259       49      206      116
   1        305      251      252      249
   1        247      316      288      285
   1        314      319      288      313
   1         77       76      308      191
   1        156      299      315      247
   1        144      110      237      282
   1         35       36      324       69
   1        326      327      183      325
   1        212      209      213      274
   1        210       35      324       69
   1        276      251      132      131
   1        231      296      245      243
   1         36      159      324       69
   1        316      315      286      285
   1        316      247      315      285
   1        231      296      239      245
   1        288      316      284      285
   1        111      237      136      135
   1        154      240      172      181
   1        303      248      310      306
   1        273       85      291       86
   1        256      108      134      107
   1        291      226       86       85
   1        295      294      145      293
   1        297      108      145      134
   1         86      226      291      289
   1        318      316      288      247
   1        219       13      156       63
   1        237      144      136      135
   1        288      316      318      321
   1        324      211      210      232
   1        265      160      264      179
   1        162      210      324       69
   1        301      155      315      178
   1        241      187      177      178
   1        156      155      178      315
   1        328      157      325      322
   1        324      210      162      232
   1         65      157      228       64
   1        156       13      219      299
   1        231      296      241      239
   1        324      211      233      103
   1        324      211      232      233
   1        163      252      186      180
   1        231      296      243      241
   1        116      206       48       49
   1        235      312      310      309
   1        312      235      311      309
   1        113      114      196       44
   1         18       91      224      312
   1        301      241      177      178
   1        155      301      154      177
   1        163      252      259      250
   1        217      221      302      222
   1         96       95      309       93
   1        302      221      217      278
   1        305      236      314      306
   1        241      243      321      316
   1         13      299       87      219
   1          9      105       89      129
   1        165      166      244      181
   1        210      162       68       69
   1        296      143      255      133
   1         84      328      327      291
   1        294      295      151      268
   1        263      271      262      232
   1        160      279      265      264
   1        284      255      321      238
   1        284      302      255      221
   1        293      296      134      140
   1        168      249      305      186
   1        321      255      284      316
   1        220      285       88      284
   1        155      301      177      178
   1        282      281      237      144
   1        305      249      168      248
   1        310      308      309      234
   1        309      308      310      303
   1        262      271      263      292
   1        161      160      179      277
   1        233      326      104      323
   1        302      278      217      256
   1        260      243      320      242
   1        149      243      140      143
   1        320      243      260      321
   1        205       82       53       54
   1        121      122      141      274
   1        158      327      183      188
   1        245      203      202       51
   1        274      122      271      213
   1        119      203       51       52
   1        104      326      233      324
   1        250      207       70      194
   1        286      285      219      220
   1        293      294      273      269
   1        176      317      307       87
   1        299      286      285      219
   1        273      294      293      297
   1        270      294      128      151
   1        247      299      315      285
   1        117      116      259      132
   1        237      224      312       88
   1        247      299      285      317
   1        306      305      251      314
   1        284      302      316      255
   1         57      123       56      214
   1        284      302      286      316
   1        234      312       91       96
   1        259       49      201      206
   1        128      294      270      290
   1        328      323      325      291
   1        284      302      221      286
   1        260      257      321      261
   1        209      210      232       68
   1        122      274       55      213
   1        274      212       55      213
   1         91      312      234      237
   1        288      321      257      261
   1        250      163      200      259
   1        293      297      145      134
   1        251      115      147      131
   1        312       18       91       90
   1        261      143      238      255
   1         38      157      322      173
   1        252      258      163      259
   1        252      258      180      163
   1        321      257      260      320
   1        252      190      305      186
   1        324      262      327      326
   1        232      214      211      210
   1        211      214      232      233
   1        327      158      183      325
   1         96      312      311      309
   1        305      190      252      313
   1         28       38      322       97
   1        291      323      226      225
   1        252      258      257      180
   1        325      157      183      173
   1        231      241      244      239
   1        113       23        4       44
   1         70       81       16      194
   1        249      250      193      198
   1        113      199       23       44
   1        233      298      323      104
   1        169      250      193      249
   1         93       21      171       92
   1        323      298      233      272
   1        234       91       95       96
   1        239      240      154      181
   1        261      143      142      238
   1        105       39        9       89
   1        199      113      196       44
   1         94       93      174      309
   1        302      296      316      255
   1        252      258      259      257
   1        233      262      323      272
   1         24       76       94        3
   1        316      321      288      284
   1        272      125      298      233
   1        160      279       66       75
   1         82      205      215       54
   1        323      262      233      326
   1        298      125      272      289
   1        156      155      219       63
   1        210      162      232       68
   1        295      119      139      275
   1         91      111      112       26
   1        321      241      318      320
   1         86      126      289      272
   1        296      143      133      140
   1        231      241      242      244
   1        231      241      243      242
   1        238      314      253      283
   1        302      278      296      255
   1        295      119      140      139
   1        234      237      312      310
   1        184      311      307      235
   1        155      218      219       63
   1         50      260      118      117
   1        118      245      202       51
   1        270      294      268      292
   1        328      323      291      225
   1         28      322      228      225
   1         29      323      225      226
   1        118      260       50      242
   1        296      278      302      256
   1         84      328       65      158
   1        250      195      194      193
   1        250      198      195      193
   1        305      304      306      303
   1        219      218      155      300
   1        285      287       88      284
   1        197      115       46       45
   1        251      198      197       46
   1        239      269      273      240
   1        247      299      317      175
   1         94       76      174        3
   1        317      247      175      313
   1        300      219      315      155
   1        251      305      306      248
   1        152      184      307      176
   1        317      304      175      176
   1        273      269      239      293
   1         91      237      109      224
   1        148      238      253      283
   1        212      279      267      215
   1        282      238      253      148
   1        300      246      218      154
   1         29      323      322      225
   1        203      245      266      275
   1         28       29      322      225
   1        301      177      239      154
   1        326      327      325      262
   1        239      177      301      241
   1        145      295      140      139
   1        154       84      218       62
   1        246       84      218      154
   1        294      290      292      270
   1        280       39      278      106
   1         63      155      218       62
   1        140      295      145      293
   1        155      154      218       62
   1        155      300      218      154
   1        181      177      244      165
   1        285      220       88       87
   1        278      280      106      255
   1        275      245      266      269
   1        293      245      295      269
   1        292      290      294      273
   1        261      149      132      142
   1        119      245      140      118
   1        244      177      181      239
   1         83      279       66      215
   1        292      270      271      263
   1         35      211      324      103
   1        296      293      134      256
   1        295      119      245      140
   1        190      319      180      252
   1        148      238      142      129
   1        328      323      225      322
   1        168       78       77      192
   1        248      168      191      192
   1        287      314      306      253
   1        327      262      232      263
   1        232      262      327      324
   1         86      297      128      290
   1        248      303      310      308
   1        320      319      257      180
   1        320      260      258      257
   1         27      113       23        4
   1        304      317      313      287
   1        281      234      248      310
   1         37       36      159      102
   1        245      239      266      269
   1        245      244      266      239
   1        203      166       74      265
   1         34      124      100       31
   1        240      294      292      264
   1        238      287      284       88
   1        279      160      277      264
   1        278      296      255      133
   1        292      327      263      262
   1        127      126      289       58
   1        261      229      260      257
   1        222      302      217      216
   1         28       29       97      322
   1        245      275      295      269
   1        275      266      265      230
   1        295      269      230      268
   1        239      240      266      269
   1        161      232      263      188
   1        295      275      230      269
   1        154       84      172      240
   1         33       59       99        6
   1        113      234      112       95
   1        143      280      238      255
   1        324      211       35      210
   1        327      328      325      291
   1        123      233      138      271
   1        277      209      274      232
   1         42       25       19        2
   1        113      234      136      112
   1        153       20       17       90
   1        315      219      300      286
   1        166      160      265      179
   1        317      299      285       87
   1         26      111       25       91
   1        314      319      257      288
   1        245      296      293      140
   1        320      164      180      258
   1        227       30       99        6
   1        159      326      102      324
   1        148      147      283      253
   1        327       84      240      172
   1        237      282      287      253
   1        297      294      128      290
   1        297      273      294      290
   1        256       41       86      108
   1        319      190      185      175
   1        287      317      285       87
   1         26      112       91       95
   1        288      314      313      287
   1        295      119      275      245
   1        162      161      232       68
   1        161      209      232       68
   1        166      203      266      265
   1        277      160      179      264
   1        230      266      265      264
   1        203      275      266      265
   1        299      286      315      285
   1        328      157      322      228
   1        157      328       65      228
   1        272      125      233      138
   1        274      268      267      264
   1         85       84      216      246
   1        243      118      260      149
   1        260      118      243      242
   1        268      269      230      264
   1        311      184      170      171
   1        236      305      314      313
   1        292      262      272      291
   1         39      280      105      106
   1        297       86      128      108
   1        312      234      310      309
   1        148      238      283      142
   1        236      314      306      287
   1        248      281      310      306
   1        153      184      170      311
   1        281      115      114      137
   1        281      234      136      114
   1        279      267      265      264
   1        272      270      271      292
   1         92      311      170      171
   1        280      221       89      284
452
   1           17        1       20
   1           18       17       90
   1           19       18       91
   1           18       90       91
   1            2       19       25
   1           25       19       91
   1           20       21       92
   1           21       22       93
   1           21       93       92
   1           22        3       94
   1           93       22       94
   1            3       24       94
   1           23        4       27
   1           24       23       95
   1           23       27       95
   1           26       25       91
   1           27       26       95
   1           94       24       95
   1           26       91       95
   1           17       20       90
   1           93       94       95
   1           92       93       96
   1           91       90       96
   1           93       95       96
   1           20       92       90
   1           90       92       96
   1           95       91       96
   2            5       28       38
   2           28       29       97
   2           29       30       98
   2           29       98       97
   2           30        6       99
   2           98       30       99
   2            6       33       99
   2           31        7       34
   2           32       31      100
   2           33       32      101
   2           99       33      101
   2           32      100      101
   2           31       34      100
   2           35        8       36
   2           36       37      102
   2           38       28       97
   2           35       36      102
   2           34       35      103
   2           34      103      100
   2           38       97       37
   2           35      102      103
   2           37       97      102
   2           98       99      101
   2          102       97      104
   2          103      102      104
   2           97       98      104
   2          100      103      104
   2          100      104      101
   2           98      101      104
   3           39        9      105
   3           40       39      106
   3           39      105      106
   3           41       40      107
   3           40      106      107
   3           10       41      108
   3           41      107      108
   3           42        2       25
   3           43       42      109
   3            9       43      110
   3           43      109      110
   3           25       26      111
   3           26       27      112
   3           26      112      111
   3           27        4      113
   3          112       27      113
   3            4       44      113
   3           44       45      114
   3           44      114      113
   3           45       46      115
   3           45      115      114
   3           47       11       48
   3           48       49      116
   3           49       50      117
   3           49      117      116
   3           50       51      118
   3           51       52      119
   3           51      119      118
   3           52       53      120
   3           52      120      119
   3           53       12       54
   3           54       55      121
   3           55       56      122
   3           56       57      123
   3           57        7      124
   3          123       57      124
   3            7       31      124
   3           31       32      125
   3           31      125      124
   3           32       33      125
   3           33        6       59
   3           58       10      126
   3           59       58      127
   3           58      126      127
   3           42       25      109
   3           47       48      116
   3           33       59      127
   3           10      108      128
   3            9      110      129
   3           25      111      109
   3           53       54      130
   3          117       50      118
   3           46       47      131
   3           33      127      125
   3          122       56      123
   3          121       55      122
   3          126       10      128
   3          105        9      129
   3          131       47      116
   3          131      116      132
   3          116      117      132
   3          107      106      133
   3          108      107      134
   3          107      133      134
   3          110      109      135
   3          109      111      135
   3          112      113      136
   3          111      112      136
   3          113      114      136
   3          130       54      121
   3          114      115      137
   3          115       46      131
   3          125      127      126
   3          125      126      138
   3          119      120      139
   3          118      119      140
   3          120       53      130
   3          126      128      138
   3          121      122      141
   3          123      124      138
   3          124      125      138
   3          105      129      142
   3          106      105      143
   3          106      143      133
   3          129      110      144
   3          110      135      144
   3          128      108      145
   3          108      134      145
   3          122      123      146
   3          141      122      146
   3          123      138      146
   3          115      131      147
   3          137      115      147
   3          131      132      147
   3          129      144      148
   3          136      114      137
   3          129      148      142
   3          140      119      139
   3          117      118      149
   3          130      121      150
   3          120      130      150
   3          121      141      150
   3          132      117      149
   3          118      140      149
   3          105      142      143
   3          138      128      146
   3          146      128      151
   3          141      146      151
   3          128      145      151
   3          136      137      144
   3          135      111      136
   3          143      142      149
   3          120      150      139
   3          132      149      142
   3          149      140      143
   3          136      144      135
   3          139      150      141
   3          139      141      151
   3          144      137      148
   3          132      142      147
   3          142      148      147
   3          147      148      137
   3          140      139      145
   3          134      133      140
   3          145      134      140
   3          145      139      151
   3          143      140      133
   4           60       13      152
   4           61       60      153
   4           60      152      153
   4            1       61       20
   4           62       14      154
   4           63       62      155
   4           62      154      155
   4           13       63      156
   4           64        5       38
   4           65       64      157
   4           14       65      158
   4           65      157      158
   4           36        8       69
   4           37       36      159
   4           36       69      159
   4           66       15       75
   4           67       66      160
   4           68       67      161
   4           67      160      161
   4           69       68      162
   4          159       69      162
   4           68      161      162
   4           70       16       79
   4           71       70      163
   4           72       71      164
   4           71      163      164
   4           73       72      165
   4           72      164      165
   4           74       73      166
   4           73      165      166
   4           77       76      167
   4           78       77      168
   4           77      167      168
   4           79       78      169
   4           78      168      169
   4           21       20      170
   4           22       21      171
   4           21      170      171
   4           20       61      153
   4           64       38      157
   4           66       75      160
   4          154       14      172
   4           63      155      156
   4          160       75       74
   4           14      158      172
   4           38       37      173
   4           70       79      163
   4           37      159      173
   4           74      166      160
   4           76        3      174
   4           20      153      170
   4           13      156      175
   4           22      171      174
   4            3       22      174
   4          152       13      176
   4           13      175      176
   4           76      174      167
   4           38      173      157
   4          155      154      177
   4          156      155      178
   4          160      166      179
   4          164      163      180
   4          161      160      179
   4          154      172      181
   4          154      181      177
   4          168      167      182
   4          173      159      183
   4          157      173      183
   4          159      162      183
   4          166      165      181
   4          170      153      184
   4          153      152      184
   4          175      156      185
   4          156      178      185
   4          169      168      186
   4          158      157      183
   4          155      177      178
   4          164      180      187
   4          171      170      184
   4          168      182      186
   4          163       79      169
   4          181      172      179
   4          184      152      176
   4          165      164      187
   4          181      165      177
   4          172      158      188
   4          166      181      179
   4          172      188      179
   4          188      158      183
   4          163      169      186
   4          163      186      180
   4          167      174      189
   4          176      175      190
   4          167      189      182
   4          175      185      190
   4          187      180      185
   4          180      186      190
   4          177      165      187
   4          161      179      188
   4          188      183      162
   4          190      185      180
   4          162      161      188
   4          174      171      189
   4          186      182      190
   4          190      182      176
   4          176      182      184
   4          177      187      178
   4          171      184      189
   4          178      187      185
   4          189      184      182
   5            3       76       24
   5           76       77      191
   5           77       78      192
   5           77      192      191
   5           78       79      193
   5           78      193      192
   5           79       16      194
   5          193       79      194
   5           16       81      194
   5           80       11       47
   5           81       80      195
   5           80       47      195
   5           44        4       23
   5           45       44      196
   5           46       45      197
   5           45      196      197
   5           47       46      198
   5          195       47      198
   5           46      197      198
   5           23       24      199
   5          194       81      195
   5           44       23      199
   5          196       44      199
   5           24       76      199
   5          192      193      198
   5          191      192      197
   5          197      196      191
   5          197      192      198
   5          196      199      191
   5          199       76      191
   5          194      195      193
   5          193      195      198
   6           16       70       81
   6           70       71      200
   6           71       72      201
   6           71      201      200
   6           72       73      202
   6           72      202      201
   6           73       74      203
   6           73      203      202
   6           74       75      204
   6           74      204      203
   6           75       15       83
   6           82       12       53
   6           83       82      205
   6           82       53      205
   6           48       11       80
   6           49       48      206
   6           50       49      201
   6           51       50      202
   6           52       51      203
   6           53       52      205
   6           80       81      207
   6           81       70      207
   6           48       80      207
   6           75       83      204
   6          203       51      202
   6          202       50      201
   6          206       48      207
   6          206      207      200
   6          201       49      206
   6          200      207       70
   6           52      203      204
   6          201      206      200
   6          205       52      204
   6          204       83      205
   7           15       66       83
   7           66       67      208
   7           67       68      209
   7           67      209      208
   7           68       69      210
   7           68      210      209
   7           69        8       35
   7           34        7       57
   7           35       34      211
   7           34       57      211
   7           54       12       82
   7           55       54      212
   7           56       55      213
   7           57       56      214
   7          211       57      214
   7           56      213      214
   7           82       83      215
   7           83       66      215
   7           54       82      215
   7           54      215      212
   7          213       55      212
   7           69       35      210
   7          213      212      209
   7          212      215      208
   7          215       66      208
   7          209      212      208
   7          213      209      214
   7          209      210      214
   7           35      211      210
   7          210      211      214
   8           84       14       62
   8           85       84      216
   8           86       85      217
   8           85      216      217
   8           10       86       41
   8           41       86      217
   8           62       63      218
   8           63       13      219
   8          218       63      219
   8           13       87      219
   8           87       88      220
   8           87      220      219
   8           89        9       39
   8           39       40      221
   8           40       41      217
   8           84       62      218
   8           89       39      221
   8           89      221       88
   8          221       40      217
   8          216       84      218
   8          218      219      222
   8          216      218      222
   8          219      220      222
   8          217      216      222
   8          220       88      221
   8          221      217      222
   8          220      221      222
   9           87       13       60
   9           88       87      223
   9           89       88      224
   9           88      223      224
   9            9       89       43
   9           43       89      224
   9           61        1       17
   9           17       18      223
   9           18       19      224
   9           19        2       42
   9           87       60      223
   9           61       17      223
   9           60       61      223
   9          223       18      224
   9           19       42      224
   9           42       43      224
  10           28        5       64
  10           29       28      225
  10           30       29      226
  10           29      225      226
  10            6       30      227
  10           59        6      227
  10           30      226      227
  10           64       65      228
  10           65       14       84
  10           85       86      226
  10           86       10       58
  10           58       59      227
  10           65       84      228
  10          225       28      228
  10           64      228       28
  10           85      226      225
  10           84       85      225
  10           86       58      227
  10          226       86      227
  10          228       84      225
